1
2
2
2
5
5
7
7
7
9
10
10
11
11
15
16
18
18
20
20
2
2
2
3
5
5
5
6
7
8
9
12
12
13
18
19
20
20
20
20
2
2
3
3
6
6
7
8
10
11
11
12
13
13
13
15
16
17
20
20
112256691010121314141516171819201 1 2 2 4 8 9 12 12 13 14 14 15 16 17 17 17 18 18 20 1 2 2 3 3 3 3 4 6 8 10 11 11 13 13 13 16 17 19 19 1 3 4 5 6 7 8 9 11 12 12 13 13 14 16 16 17 17 19 20 
3 4 5 6 8 8 9 10 11 11 11 15 15 15 15 15 18 19 19 20 
2 5 5 6 6 7 8 8 9 10 12 12 13 13 14 14 16 16 18 20 
1  2  2  5  5  6  7  7  7  10  10  12  13  15  16  16  17  17  19  20  
1--2--2--5--5--6--6--9--9--9--11--11--13--16--16--17--17--19--19--20--
2--2--2--3--4--5--6--7--7--8--12--13--13--15--15--15--18--18--20--20--
1--1--2--4--6--9--10--11--12--13--13--14--15--15--16--16--16--16--20--20
1--4--4--6--6--7--9--9--9--10--10--10--11--12--14--16--17--18--19--20
1--1--1--2--2--3--5--6--6--7--9--9--11--11--11--12--13--13--15--15
4--5--5--7--8--9--9--10--11--11--12--13--14--14--15--17--17--19--20--20
